227
359
379
457
543
581
594
605
626
786
906
919
925
971
972
1111
1114
1425
1426
1452
1489
1655
1676
1694
1704
1724
1747
1776
1803
1832
1833
1904
1973
1992
2066
2102
2144
2226
2227
2237
2239
2258
2259
2261
2262
2265
2266
2268
2288
2315
2408
2710
2716
2730
2731
2745
2767
2983
3036
3041
3051
3059
3346
3488
3506
3538
3549
3584
3687
3703
3719
3740
3837
4333
4424
4433
4485
4531
4558
4577
4592
4635
4636
4637
4666
4676
4681
4707
4767
4798
4802
4808
4817
4967
4973
5003
5163
5164
5167
5180
5292
5402
5532
5543
5680
5682
5692
5693
5702
5757
5758
5760
5774
5780
5787
5789
5814
5923
5952
5956
6015
6016
6017
6018
6039
6076
6095
6344
6347
6354
6371
6453
6488
6490
6491
6507
6509
6521
6535
6538
6553
6571
6581
6584
6586
6622
6644
6663
6674
6677
6696
6723
6725
6739
6759
6768
6770
6814
6910
6923
6932
6962
6963
6974
6995
7043
7049
7050
7054
7062
7094
7097
7103
7121
7122
7124
7141
7194
7198
7199
7205
7206
7216
7241
7254
7268
7293
7309
7327
7355
7361
7368
7401
7402
7406
7420
7435
7450
7504
7525
7533
7571
7584
7590
7592
7607
7634
7656
7660
7661
7676
7722
7912
7919
7938
7954
8007
8008
8053
8073
8080
8141
8249
8454
8498
8519
8582
8583
8709
8710
8728
8735
8825
8847
8938
8954
9020
9029
9044
9045
9135
9158
9195
9277
9301
9341
9355
9360
9388
9475
9480
9498
9526
9542
9549
9552
9559
9569
9615
9699
9753
9754
9768
9771
9776
9787
9788
9812
10021
10169
10220
10235
10236
10244
10245
10336
10340
10343
10346
10374
10388
10416
10419
10445
10486
10911
11264
11290
11307
11310
11417
11433
11434
11513
11514
11515
11516
11518
11548
11554
11557
11561
11569
11585
11587
11601
11640
11693
11720
11738
11774
11785
11792
11799
11806
11901
11910
12223
12362
12363
12497
12596
12662
12706
12732
12882
12892
12921
12990
12996
13000
13015
13023
13027
13034
13038
13067
13095
13099
13102
13112
13352
13524
13582
13651
13681
13693
13800
13822
13870
14032
14051
14078
14094
14102
14107
14111
14122
14123
14124
14198
14201
14211
14268
14301
14312
14324
14343
14346
14384
14412
14421
14452
14471
14489
14496
14497
14519
14523
14540
14547
14599
14627
14634
14665
14678
14688
14693
14718
14719
14729
14795
14809
14810
14813
14856
14874
14936
14950
15000
15094
15109
15110
15112
15116
15118
15122
15142
15177
15180
15182
15207
15282
15298
15299
15307
15309
15314
15315
15316
15382
15387
15443
15488
15512
15536
15572
15594
15615
15622
15624
15638
15654
15662
15725
15726
15732
15805
15806
15818
15819
15831
15887
15899
15947
15955
15956
15965
15977
15988
16060
16062
16085
16118
16120
16138
16155
16159
16238
16242
16258
16317
16318
16319
16345
16354
16366
16407
16410
16420
16445
16496
16497
16564
16587
16588
16653
16665
16717
16720
16851
16852
16876
16887
16968
16991
17023
17069
17122
17160
17161
17167
17216
17271
17375
17494
17568
17655
17656
17662
17663
17714
17749
17752
17760
17765
17769
17786
17883
17885
17908
17975
17999
18335
18348
18389
18459
18506
18594
18650
18673
18712
18750
18762
18888
18897
18898
18911
18914
18946
19027
19131
67145
67259
67271
67276
67320
67368
67454
67474
67526
67537
67615
67694
67949
67957
68146
68666
68676
69038
69130
69134
69195
69263
69653
69810
69964
69985
70083
70156
70237
71093
71299
71498
71891
72946
73429
73587
73980
74112
74134
74183
74367
74521
74657
74694
74820
74951
75169
75550
75599
75983
76090
77154
77968
78092
78214
78964
80087
80208
80306
80424
81079
81183
81822
82434
82561
82609
83216
83388
83471
83631
83688
83914
84167
84245
84273
84441
84458
84515
84732
84792
85246
85253
85266
85492
85499
85512
85682
85728
85737
85822
85944
85964
85994
86011
86018
86021
